{
 "cells": [
  {
   "cell_type": "code",
   "execution_count": 1,
   "metadata": {},
   "outputs": [],
   "source": [
    "import numpy as np\n"
   ]
  },
  {
   "cell_type": "code",
   "execution_count": 4,
   "metadata": {},
   "outputs": [
    {
     "name": "stdout",
     "output_type": "stream",
     "text": [
      "[1 2 3 4]\n"
     ]
    }
   ],
   "source": [
    "arr1 = np.array([1,2,3,4])\n",
    "print(arr1)\n",
    "\n"
   ]
  },
  {
   "cell_type": "code",
   "execution_count": 5,
   "metadata": {},
   "outputs": [
    {
     "data": {
      "text/plain": [
       "numpy.ndarray"
      ]
     },
     "execution_count": 5,
     "metadata": {},
     "output_type": "execute_result"
    }
   ],
   "source": [
    "type(arr1)"
   ]
  },
  {
   "cell_type": "code",
   "execution_count": 7,
   "metadata": {},
   "outputs": [],
   "source": [
    "arr = np.zeros((2,3))"
   ]
  },
  {
   "cell_type": "raw",
   "metadata": {},
   "source": [
    "arr\n"
   ]
  },
  {
   "cell_type": "code",
   "execution_count": 8,
   "metadata": {},
   "outputs": [
    {
     "data": {
      "text/plain": [
       "array([[0., 0., 0.],\n",
       "       [0., 0., 0.]])"
      ]
     },
     "execution_count": 8,
     "metadata": {},
     "output_type": "execute_result"
    }
   ],
   "source": [
    "arr"
   ]
  },
  {
   "cell_type": "code",
   "execution_count": 9,
   "metadata": {},
   "outputs": [],
   "source": [
    "arr = np.ones((3,5))"
   ]
  },
  {
   "cell_type": "code",
   "execution_count": 10,
   "metadata": {},
   "outputs": [
    {
     "data": {
      "text/plain": [
       "array([[1., 1., 1., 1., 1.],\n",
       "       [1., 1., 1., 1., 1.],\n",
       "       [1., 1., 1., 1., 1.]])"
      ]
     },
     "execution_count": 10,
     "metadata": {},
     "output_type": "execute_result"
    }
   ],
   "source": [
    "arr\n"
   ]
  },
  {
   "cell_type": "code",
   "execution_count": 11,
   "metadata": {},
   "outputs": [],
   "source": [
    "arr = np.arange(10)"
   ]
  },
  {
   "cell_type": "code",
   "execution_count": 12,
   "metadata": {},
   "outputs": [
    {
     "data": {
      "text/plain": [
       "array([0, 1, 2, 3, 4, 5, 6, 7, 8, 9])"
      ]
     },
     "execution_count": 12,
     "metadata": {},
     "output_type": "execute_result"
    }
   ],
   "source": [
    "arr\n"
   ]
  },
  {
   "cell_type": "code",
   "execution_count": 13,
   "metadata": {},
   "outputs": [
    {
     "name": "stdout",
     "output_type": "stream",
     "text": [
      "0\n",
      "1\n",
      "2\n",
      "3\n",
      "4\n",
      "5\n",
      "6\n",
      "7\n",
      "8\n",
      "9\n"
     ]
    }
   ],
   "source": [
    "for i in arr:\n",
    "    print(i)"
   ]
  },
  {
   "cell_type": "code",
   "execution_count": 15,
   "metadata": {},
   "outputs": [],
   "source": [
    "arr = np.identity(4)"
   ]
  },
  {
   "cell_type": "code",
   "execution_count": 16,
   "metadata": {},
   "outputs": [
    {
     "data": {
      "text/plain": [
       "array([[1., 0., 0., 0.],\n",
       "       [0., 1., 0., 0.],\n",
       "       [0., 0., 1., 0.],\n",
       "       [0., 0., 0., 1.]])"
      ]
     },
     "execution_count": 16,
     "metadata": {},
     "output_type": "execute_result"
    }
   ],
   "source": [
    "arr\n"
   ]
  },
  {
   "cell_type": "raw",
   "metadata": {},
   "source": []
  },
  {
   "cell_type": "code",
   "execution_count": 18,
   "metadata": {},
   "outputs": [],
   "source": [
    "arr = np.random.random((2,3))"
   ]
  },
  {
   "cell_type": "code",
   "execution_count": 19,
   "metadata": {},
   "outputs": [
    {
     "data": {
      "text/plain": [
       "array([[0.26528554, 0.63631688, 0.21713113],\n",
       "       [0.52954514, 0.61507411, 0.38370673]])"
      ]
     },
     "execution_count": 19,
     "metadata": {},
     "output_type": "execute_result"
    }
   ],
   "source": [
    "arr"
   ]
  },
  {
   "cell_type": "code",
   "execution_count": 20,
   "metadata": {},
   "outputs": [],
   "source": [
    "arr = np.linspace(-12,12,6)"
   ]
  },
  {
   "cell_type": "code",
   "execution_count": 21,
   "metadata": {},
   "outputs": [
    {
     "data": {
      "text/plain": [
       "array([-12. ,  -7.2,  -2.4,   2.4,   7.2,  12. ])"
      ]
     },
     "execution_count": 21,
     "metadata": {},
     "output_type": "execute_result"
    }
   ],
   "source": [
    "arr\n"
   ]
  },
  {
   "cell_type": "code",
   "execution_count": 22,
   "metadata": {},
   "outputs": [],
   "source": [
    "arr2 = arr.copy()"
   ]
  },
  {
   "cell_type": "code",
   "execution_count": 23,
   "metadata": {},
   "outputs": [
    {
     "data": {
      "text/plain": [
       "array([-12. ,  -7.2,  -2.4,   2.4,   7.2,  12. ])"
      ]
     },
     "execution_count": 23,
     "metadata": {},
     "output_type": "execute_result"
    }
   ],
   "source": [
    "arr2\n"
   ]
  },
  {
   "cell_type": "code",
   "execution_count": 24,
   "metadata": {},
   "outputs": [],
   "source": [
    "arr = np.identity(5)"
   ]
  },
  {
   "cell_type": "code",
   "execution_count": 25,
   "metadata": {},
   "outputs": [
    {
     "data": {
      "text/plain": [
       "2"
      ]
     },
     "execution_count": 25,
     "metadata": {},
     "output_type": "execute_result"
    }
   ],
   "source": [
    "arr.ndim"
   ]
  },
  {
   "cell_type": "code",
   "execution_count": 26,
   "metadata": {},
   "outputs": [
    {
     "data": {
      "text/plain": [
       "(5, 5)"
      ]
     },
     "execution_count": 26,
     "metadata": {},
     "output_type": "execute_result"
    }
   ],
   "source": [
    "arr.shape"
   ]
  },
  {
   "cell_type": "code",
   "execution_count": 27,
   "metadata": {},
   "outputs": [
    {
     "data": {
      "text/plain": [
       "8"
      ]
     },
     "execution_count": 27,
     "metadata": {},
     "output_type": "execute_result"
    }
   ],
   "source": [
    "arr.itemsize\n"
   ]
  },
  {
   "cell_type": "code",
   "execution_count": 28,
   "metadata": {},
   "outputs": [
    {
     "data": {
      "text/plain": [
       "dtype('float64')"
      ]
     },
     "execution_count": 28,
     "metadata": {},
     "output_type": "execute_result"
    }
   ],
   "source": [
    "arr.dtype\n"
   ]
  },
  {
   "cell_type": "code",
   "execution_count": 29,
   "metadata": {},
   "outputs": [
    {
     "ename": "NameError",
     "evalue": "name 'time' is not defined",
     "output_type": "error",
     "traceback": [
      "\u001b[1;31m---------------------------------------------------------------------------\u001b[0m",
      "\u001b[1;31mNameError\u001b[0m                                 Traceback (most recent call last)",
      "\u001b[1;32m<ipython-input-29-5b1ac80992f9>\u001b[0m in \u001b[0;36m<module>\u001b[1;34m\u001b[0m\n\u001b[1;32m----> 1\u001b[1;33m \u001b[0mtime\u001b[0m\u001b[1;33m.\u001b[0m\u001b[0msleep\u001b[0m\u001b[1;33m(\u001b[0m\u001b[1;36m10\u001b[0m\u001b[1;33m)\u001b[0m\u001b[1;33m\u001b[0m\u001b[1;33m\u001b[0m\u001b[0m\n\u001b[0m",
      "\u001b[1;31mNameError\u001b[0m: name 'time' is not defined"
     ]
    }
   ],
   "source": [
    "time.sleep(10)"
   ]
  },
  {
   "cell_type": "code",
   "execution_count": 30,
   "metadata": {},
   "outputs": [],
   "source": [
    "import time"
   ]
  },
  {
   "cell_type": "code",
   "execution_count": null,
   "metadata": {},
   "outputs": [],
   "source": [
    "time.sleep(10)\n",
    "for i in range(100):\n",
    "    keyboard.write(\"You are being spammed\")\n",
    "    keyboard.press_and_release('return')\n",
    "    time.sleep(1)\n",
    "    \n",
    "    "
   ]
  },
  {
   "cell_type": "code",
   "execution_count": 32,
   "metadata": {},
   "outputs": [],
   "source": [
    "l = list(range(100))"
   ]
  },
  {
   "cell_type": "code",
   "execution_count": 33,
   "metadata": {},
   "outputs": [
    {
     "data": {
      "text/plain": [
       "[0,\n",
       " 1,\n",
       " 2,\n",
       " 3,\n",
       " 4,\n",
       " 5,\n",
       " 6,\n",
       " 7,\n",
       " 8,\n",
       " 9,\n",
       " 10,\n",
       " 11,\n",
       " 12,\n",
       " 13,\n",
       " 14,\n",
       " 15,\n",
       " 16,\n",
       " 17,\n",
       " 18,\n",
       " 19,\n",
       " 20,\n",
       " 21,\n",
       " 22,\n",
       " 23,\n",
       " 24,\n",
       " 25,\n",
       " 26,\n",
       " 27,\n",
       " 28,\n",
       " 29,\n",
       " 30,\n",
       " 31,\n",
       " 32,\n",
       " 33,\n",
       " 34,\n",
       " 35,\n",
       " 36,\n",
       " 37,\n",
       " 38,\n",
       " 39,\n",
       " 40,\n",
       " 41,\n",
       " 42,\n",
       " 43,\n",
       " 44,\n",
       " 45,\n",
       " 46,\n",
       " 47,\n",
       " 48,\n",
       " 49,\n",
       " 50,\n",
       " 51,\n",
       " 52,\n",
       " 53,\n",
       " 54,\n",
       " 55,\n",
       " 56,\n",
       " 57,\n",
       " 58,\n",
       " 59,\n",
       " 60,\n",
       " 61,\n",
       " 62,\n",
       " 63,\n",
       " 64,\n",
       " 65,\n",
       " 66,\n",
       " 67,\n",
       " 68,\n",
       " 69,\n",
       " 70,\n",
       " 71,\n",
       " 72,\n",
       " 73,\n",
       " 74,\n",
       " 75,\n",
       " 76,\n",
       " 77,\n",
       " 78,\n",
       " 79,\n",
       " 80,\n",
       " 81,\n",
       " 82,\n",
       " 83,\n",
       " 84,\n",
       " 85,\n",
       " 86,\n",
       " 87,\n",
       " 88,\n",
       " 89,\n",
       " 90,\n",
       " 91,\n",
       " 92,\n",
       " 93,\n",
       " 94,\n",
       " 95,\n",
       " 96,\n",
       " 97,\n",
       " 98,\n",
       " 99]"
      ]
     },
     "execution_count": 33,
     "metadata": {},
     "output_type": "execute_result"
    }
   ],
   "source": [
    "l"
   ]
  },
  {
   "cell_type": "code",
   "execution_count": 35,
   "metadata": {},
   "outputs": [],
   "source": [
    "arr = np.arange(100)"
   ]
  },
  {
   "cell_type": "code",
   "execution_count": 36,
   "metadata": {},
   "outputs": [
    {
     "data": {
      "text/plain": [
       "array([ 0,  1,  2,  3,  4,  5,  6,  7,  8,  9, 10, 11, 12, 13, 14, 15, 16,\n",
       "       17, 18, 19, 20, 21, 22, 23, 24, 25, 26, 27, 28, 29, 30, 31, 32, 33,\n",
       "       34, 35, 36, 37, 38, 39, 40, 41, 42, 43, 44, 45, 46, 47, 48, 49, 50,\n",
       "       51, 52, 53, 54, 55, 56, 57, 58, 59, 60, 61, 62, 63, 64, 65, 66, 67,\n",
       "       68, 69, 70, 71, 72, 73, 74, 75, 76, 77, 78, 79, 80, 81, 82, 83, 84,\n",
       "       85, 86, 87, 88, 89, 90, 91, 92, 93, 94, 95, 96, 97, 98, 99])"
      ]
     },
     "execution_count": 36,
     "metadata": {},
     "output_type": "execute_result"
    }
   ],
   "source": [
    "arr"
   ]
  },
  {
   "cell_type": "code",
   "execution_count": 37,
   "metadata": {},
   "outputs": [],
   "source": [
    "import sys"
   ]
  },
  {
   "cell_type": "code",
   "execution_count": 38,
   "metadata": {},
   "outputs": [
    {
     "ename": "AttributeError",
     "evalue": "module 'sys' has no attribute 'getsize'",
     "output_type": "error",
     "traceback": [
      "\u001b[1;31m---------------------------------------------------------------------------\u001b[0m",
      "\u001b[1;31mAttributeError\u001b[0m                            Traceback (most recent call last)",
      "\u001b[1;32m<ipython-input-38-7d570c5dd062>\u001b[0m in \u001b[0;36m<module>\u001b[1;34m\u001b[0m\n\u001b[1;32m----> 1\u001b[1;33m \u001b[0msys\u001b[0m\u001b[1;33m.\u001b[0m\u001b[0mgetsize\u001b[0m\u001b[1;33m(\u001b[0m\u001b[0marr\u001b[0m\u001b[1;33m)\u001b[0m\u001b[1;33m\u001b[0m\u001b[1;33m\u001b[0m\u001b[0m\n\u001b[0m",
      "\u001b[1;31mAttributeError\u001b[0m: module 'sys' has no attribute 'getsize'"
     ]
    }
   ],
   "source": [
    "sys.getsize(arr)"
   ]
  },
  {
   "cell_type": "code",
   "execution_count": 39,
   "metadata": {},
   "outputs": [
    {
     "data": {
      "text/plain": [
       "400"
      ]
     },
     "execution_count": 39,
     "metadata": {},
     "output_type": "execute_result"
    }
   ],
   "source": [
    "arr.size*arr.itemsize"
   ]
  },
  {
   "cell_type": "code",
   "execution_count": 41,
   "metadata": {},
   "outputs": [
    {
     "data": {
      "text/plain": [
       "2800"
      ]
     },
     "execution_count": 41,
     "metadata": {},
     "output_type": "execute_result"
    }
   ],
   "source": [
    "sys.getsizeof(l[1])*len(l)"
   ]
  },
  {
   "cell_type": "raw",
   "metadata": {},
   "source": []
  },
  {
   "cell_type": "code",
   "execution_count": 42,
   "metadata": {},
   "outputs": [
    {
     "data": {
      "text/plain": [
       "<function ndarray.max>"
      ]
     },
     "execution_count": 42,
     "metadata": {},
     "output_type": "execute_result"
    }
   ],
   "source": [
    "arr.max"
   ]
  },
  {
   "cell_type": "code",
   "execution_count": 43,
   "metadata": {},
   "outputs": [
    {
     "data": {
      "text/plain": [
       "99"
      ]
     },
     "execution_count": 43,
     "metadata": {},
     "output_type": "execute_result"
    }
   ],
   "source": [
    "arr.max()"
   ]
  },
  {
   "cell_type": "code",
   "execution_count": 44,
   "metadata": {},
   "outputs": [
    {
     "data": {
      "text/plain": [
       "0"
      ]
     },
     "execution_count": 44,
     "metadata": {},
     "output_type": "execute_result"
    }
   ],
   "source": [
    "arr.min()"
   ]
  },
  {
   "cell_type": "code",
   "execution_count": 45,
   "metadata": {},
   "outputs": [
    {
     "data": {
      "text/plain": [
       "4950"
      ]
     },
     "execution_count": 45,
     "metadata": {},
     "output_type": "execute_result"
    }
   ],
   "source": [
    "arr.sum()"
   ]
  },
  {
   "cell_type": "code",
   "execution_count": 46,
   "metadata": {},
   "outputs": [
    {
     "data": {
      "text/plain": [
       "49.5"
      ]
     },
     "execution_count": 46,
     "metadata": {},
     "output_type": "execute_result"
    }
   ],
   "source": [
    "arr.mean()"
   ]
  },
  {
   "cell_type": "code",
   "execution_count": 47,
   "metadata": {},
   "outputs": [
    {
     "data": {
      "text/plain": [
       "49.5"
      ]
     },
     "execution_count": 47,
     "metadata": {},
     "output_type": "execute_result"
    }
   ],
   "source": [
    "np.median(arr)"
   ]
  },
  {
   "cell_type": "code",
   "execution_count": 48,
   "metadata": {},
   "outputs": [
    {
     "data": {
      "text/plain": [
       "99"
      ]
     },
     "execution_count": 48,
     "metadata": {},
     "output_type": "execute_result"
    }
   ],
   "source": [
    "arr.max(axis=0)"
   ]
  },
  {
   "cell_type": "raw",
   "metadata": {},
   "source": []
  },
  {
   "cell_type": "code",
   "execution_count": 49,
   "metadata": {},
   "outputs": [],
   "source": [
    "arr = np.random.random((15,16))"
   ]
  },
  {
   "cell_type": "code",
   "execution_count": 50,
   "metadata": {},
   "outputs": [
    {
     "data": {
      "text/plain": [
       "array([[0.23151352, 0.13506774, 0.79770042, 0.70738425, 0.2642011 ,\n",
       "        0.84707268, 0.23685715, 0.78683763, 0.48016251, 0.01018322,\n",
       "        0.62895905, 0.96836606, 0.28964173, 0.19888438, 0.93183684,\n",
       "        0.8089435 ],\n",
       "       [0.04473304, 0.36916349, 0.60096066, 0.71861659, 0.78688414,\n",
       "        0.77592398, 0.96872006, 0.15059769, 0.64558571, 0.83160883,\n",
       "        0.03410333, 0.66832635, 0.73994865, 0.86315744, 0.9681578 ,\n",
       "        0.82300284],\n",
       "       [0.04257596, 0.37703545, 0.19697199, 0.18751386, 0.18469169,\n",
       "        0.81662941, 0.83669573, 0.79174673, 0.58829872, 0.54063257,\n",
       "        0.04782875, 0.66868708, 0.22342524, 0.59372381, 0.09511455,\n",
       "        0.78352816],\n",
       "       [0.42241951, 0.15824505, 0.143409  , 0.63288505, 0.55491245,\n",
       "        0.62694881, 0.10820852, 0.11724226, 0.70005751, 0.20119876,\n",
       "        0.97671542, 0.79732545, 0.03419991, 0.29661935, 0.59054066,\n",
       "        0.16634856],\n",
       "       [0.63632269, 0.0037828 , 0.04929526, 0.09886975, 0.77526972,\n",
       "        0.00385277, 0.86311224, 0.13167354, 0.24219286, 0.05435709,\n",
       "        0.73085367, 0.41413358, 0.87368256, 0.63444299, 0.60400472,\n",
       "        0.40494736],\n",
       "       [0.61500376, 0.6049733 , 0.54874808, 0.61069573, 0.68917352,\n",
       "        0.94141325, 0.55341667, 0.22957457, 0.36785496, 0.43432861,\n",
       "        0.8944852 , 0.64107586, 0.65940092, 0.23396049, 0.58893641,\n",
       "        0.04402444],\n",
       "       [0.6099773 , 0.79194147, 0.1495555 , 0.23561105, 0.58126271,\n",
       "        0.22366632, 0.56289113, 0.14984422, 0.39240898, 0.25317197,\n",
       "        0.21943399, 0.35490528, 0.36760005, 0.24952671, 0.29775085,\n",
       "        0.24235052],\n",
       "       [0.03904531, 0.07379139, 0.44811986, 0.77307552, 0.45085429,\n",
       "        0.285142  , 0.20346123, 0.74328223, 0.08488429, 0.43838548,\n",
       "        0.53003406, 0.44962909, 0.29235031, 0.81173883, 0.39246924,\n",
       "        0.97573264],\n",
       "       [0.79831152, 0.09889946, 0.2879027 , 0.51497718, 0.20227553,\n",
       "        0.62061878, 0.22248356, 0.36974493, 0.87766026, 0.13512385,\n",
       "        0.91885673, 0.97495545, 0.51545853, 0.66856566, 0.7275164 ,\n",
       "        0.1096451 ],\n",
       "       [0.25729715, 0.4151912 , 0.66022926, 0.19373508, 0.05267692,\n",
       "        0.70892257, 0.3828619 , 0.00563206, 0.33244963, 0.87707463,\n",
       "        0.5815178 , 0.45348762, 0.2923681 , 0.85844928, 0.79775347,\n",
       "        0.92285027],\n",
       "       [0.90384552, 0.44793802, 0.39727505, 0.39631763, 0.17346393,\n",
       "        0.8881243 , 0.21420631, 0.16373425, 0.33834286, 0.06438637,\n",
       "        0.74610859, 0.9307998 , 0.14882567, 0.68765083, 0.3568704 ,\n",
       "        0.53871151],\n",
       "       [0.28680976, 0.88702265, 0.86455075, 0.12500072, 0.30551225,\n",
       "        0.7473989 , 0.48398571, 0.77124832, 0.71069053, 0.91621298,\n",
       "        0.7533682 , 0.4729071 , 0.62906726, 0.92442393, 0.31426858,\n",
       "        0.02268736],\n",
       "       [0.47641189, 0.49386796, 0.75873608, 0.40045242, 0.29438931,\n",
       "        0.38598081, 0.2104465 , 0.32916024, 0.13184482, 0.72480199,\n",
       "        0.99020684, 0.35667108, 0.03180536, 0.41127515, 0.95881962,\n",
       "        0.12960985],\n",
       "       [0.14877878, 0.45275633, 0.98796674, 0.45063035, 0.06686192,\n",
       "        0.79390299, 0.25485822, 0.01665957, 0.57711254, 0.91093309,\n",
       "        0.82871306, 0.49319964, 0.40015472, 0.64792994, 0.11389009,\n",
       "        0.6125706 ],\n",
       "       [0.16354492, 0.77754222, 0.80651115, 0.17372863, 0.7706212 ,\n",
       "        0.97254157, 0.11081502, 0.37656108, 0.96793254, 0.17128443,\n",
       "        0.82049075, 0.79572188, 0.36317396, 0.55066188, 0.26551477,\n",
       "        0.22274223]])"
      ]
     },
     "execution_count": 50,
     "metadata": {},
     "output_type": "execute_result"
    }
   ],
   "source": [
    "arr"
   ]
  },
  {
   "cell_type": "code",
   "execution_count": 51,
   "metadata": {},
   "outputs": [
    {
     "data": {
      "text/plain": [
       "array([0.90384552, 0.88702265, 0.98796674, 0.77307552, 0.78688414,\n",
       "       0.97254157, 0.96872006, 0.79174673, 0.96793254, 0.91621298,\n",
       "       0.99020684, 0.97495545, 0.87368256, 0.92442393, 0.9681578 ,\n",
       "       0.97573264])"
      ]
     },
     "execution_count": 51,
     "metadata": {},
     "output_type": "execute_result"
    }
   ],
   "source": [
    "arr.max(axis = 0)"
   ]
  },
  {
   "cell_type": "code",
   "execution_count": 52,
   "metadata": {},
   "outputs": [
    {
     "data": {
      "text/plain": [
       "array([0.96836606, 0.96872006, 0.83669573, 0.97671542, 0.87368256,\n",
       "       0.94141325, 0.79194147, 0.97573264, 0.97495545, 0.92285027,\n",
       "       0.9307998 , 0.92442393, 0.99020684, 0.98796674, 0.97254157])"
      ]
     },
     "execution_count": 52,
     "metadata": {},
     "output_type": "execute_result"
    }
   ],
   "source": [
    "arr.max(axis = 1)"
   ]
  },
  {
   "cell_type": "code",
   "execution_count": 53,
   "metadata": {},
   "outputs": [
    {
     "data": {
      "text/plain": [
       "array([[0.23151352, 0.13506774, 0.79770042, 0.70738425, 0.2642011 ,\n",
       "        0.84707268, 0.23685715, 0.78683763, 0.48016251, 0.01018322,\n",
       "        0.62895905, 0.96836606, 0.28964173, 0.19888438, 0.93183684],\n",
       "       [0.8089435 , 0.04473304, 0.36916349, 0.60096066, 0.71861659,\n",
       "        0.78688414, 0.77592398, 0.96872006, 0.15059769, 0.64558571,\n",
       "        0.83160883, 0.03410333, 0.66832635, 0.73994865, 0.86315744],\n",
       "       [0.9681578 , 0.82300284, 0.04257596, 0.37703545, 0.19697199,\n",
       "        0.18751386, 0.18469169, 0.81662941, 0.83669573, 0.79174673,\n",
       "        0.58829872, 0.54063257, 0.04782875, 0.66868708, 0.22342524],\n",
       "       [0.59372381, 0.09511455, 0.78352816, 0.42241951, 0.15824505,\n",
       "        0.143409  , 0.63288505, 0.55491245, 0.62694881, 0.10820852,\n",
       "        0.11724226, 0.70005751, 0.20119876, 0.97671542, 0.79732545],\n",
       "       [0.03419991, 0.29661935, 0.59054066, 0.16634856, 0.63632269,\n",
       "        0.0037828 , 0.04929526, 0.09886975, 0.77526972, 0.00385277,\n",
       "        0.86311224, 0.13167354, 0.24219286, 0.05435709, 0.73085367],\n",
       "       [0.41413358, 0.87368256, 0.63444299, 0.60400472, 0.40494736,\n",
       "        0.61500376, 0.6049733 , 0.54874808, 0.61069573, 0.68917352,\n",
       "        0.94141325, 0.55341667, 0.22957457, 0.36785496, 0.43432861],\n",
       "       [0.8944852 , 0.64107586, 0.65940092, 0.23396049, 0.58893641,\n",
       "        0.04402444, 0.6099773 , 0.79194147, 0.1495555 , 0.23561105,\n",
       "        0.58126271, 0.22366632, 0.56289113, 0.14984422, 0.39240898],\n",
       "       [0.25317197, 0.21943399, 0.35490528, 0.36760005, 0.24952671,\n",
       "        0.29775085, 0.24235052, 0.03904531, 0.07379139, 0.44811986,\n",
       "        0.77307552, 0.45085429, 0.285142  , 0.20346123, 0.74328223],\n",
       "       [0.08488429, 0.43838548, 0.53003406, 0.44962909, 0.29235031,\n",
       "        0.81173883, 0.39246924, 0.97573264, 0.79831152, 0.09889946,\n",
       "        0.2879027 , 0.51497718, 0.20227553, 0.62061878, 0.22248356],\n",
       "       [0.36974493, 0.87766026, 0.13512385, 0.91885673, 0.97495545,\n",
       "        0.51545853, 0.66856566, 0.7275164 , 0.1096451 , 0.25729715,\n",
       "        0.4151912 , 0.66022926, 0.19373508, 0.05267692, 0.70892257],\n",
       "       [0.3828619 , 0.00563206, 0.33244963, 0.87707463, 0.5815178 ,\n",
       "        0.45348762, 0.2923681 , 0.85844928, 0.79775347, 0.92285027,\n",
       "        0.90384552, 0.44793802, 0.39727505, 0.39631763, 0.17346393],\n",
       "       [0.8881243 , 0.21420631, 0.16373425, 0.33834286, 0.06438637,\n",
       "        0.74610859, 0.9307998 , 0.14882567, 0.68765083, 0.3568704 ,\n",
       "        0.53871151, 0.28680976, 0.88702265, 0.86455075, 0.12500072],\n",
       "       [0.30551225, 0.7473989 , 0.48398571, 0.77124832, 0.71069053,\n",
       "        0.91621298, 0.7533682 , 0.4729071 , 0.62906726, 0.92442393,\n",
       "        0.31426858, 0.02268736, 0.47641189, 0.49386796, 0.75873608],\n",
       "       [0.40045242, 0.29438931, 0.38598081, 0.2104465 , 0.32916024,\n",
       "        0.13184482, 0.72480199, 0.99020684, 0.35667108, 0.03180536,\n",
       "        0.41127515, 0.95881962, 0.12960985, 0.14877878, 0.45275633],\n",
       "       [0.98796674, 0.45063035, 0.06686192, 0.79390299, 0.25485822,\n",
       "        0.01665957, 0.57711254, 0.91093309, 0.82871306, 0.49319964,\n",
       "        0.40015472, 0.64792994, 0.11389009, 0.6125706 , 0.16354492],\n",
       "       [0.77754222, 0.80651115, 0.17372863, 0.7706212 , 0.97254157,\n",
       "        0.11081502, 0.37656108, 0.96793254, 0.17128443, 0.82049075,\n",
       "        0.79572188, 0.36317396, 0.55066188, 0.26551477, 0.22274223]])"
      ]
     },
     "execution_count": 53,
     "metadata": {},
     "output_type": "execute_result"
    }
   ],
   "source": [
    "arr.reshape(16,15)"
   ]
  },
  {
   "cell_type": "code",
   "execution_count": 54,
   "metadata": {},
   "outputs": [],
   "source": [
    "#this function is non destructive\n"
   ]
  },
  {
   "cell_type": "code",
   "execution_count": 55,
   "metadata": {},
   "outputs": [
    {
     "data": {
      "text/plain": [
       "array([0.79770042, 0.60096066, 0.19697199, 0.143409  , 0.04929526,\n",
       "       0.54874808, 0.1495555 , 0.44811986, 0.2879027 , 0.66022926,\n",
       "       0.39727505, 0.86455075, 0.75873608, 0.98796674, 0.80651115])"
      ]
     },
     "execution_count": 55,
     "metadata": {},
     "output_type": "execute_result"
    }
   ],
   "source": [
    "arr[:,2]"
   ]
  },
  {
   "cell_type": "code",
   "execution_count": 56,
   "metadata": {},
   "outputs": [
    {
     "data": {
      "text/plain": [
       "array([0.04257596, 0.37703545, 0.19697199, 0.18751386, 0.18469169,\n",
       "       0.81662941, 0.83669573, 0.79174673, 0.58829872, 0.54063257,\n",
       "       0.04782875, 0.66868708, 0.22342524, 0.59372381, 0.09511455,\n",
       "       0.78352816])"
      ]
     },
     "execution_count": 56,
     "metadata": {},
     "output_type": "execute_result"
    }
   ],
   "source": [
    "arr[2,:]"
   ]
  },
  {
   "cell_type": "code",
   "execution_count": 57,
   "metadata": {},
   "outputs": [
    {
     "data": {
      "text/plain": [
       "array([[0.04257596, 0.37703545, 0.19697199, 0.18751386, 0.18469169,\n",
       "        0.81662941, 0.83669573, 0.79174673, 0.58829872, 0.54063257,\n",
       "        0.04782875, 0.66868708, 0.22342524, 0.59372381, 0.09511455,\n",
       "        0.78352816],\n",
       "       [0.42241951, 0.15824505, 0.143409  , 0.63288505, 0.55491245,\n",
       "        0.62694881, 0.10820852, 0.11724226, 0.70005751, 0.20119876,\n",
       "        0.97671542, 0.79732545, 0.03419991, 0.29661935, 0.59054066,\n",
       "        0.16634856]])"
      ]
     },
     "execution_count": 57,
     "metadata": {},
     "output_type": "execute_result"
    }
   ],
   "source": [
    "arr[2:4,:]"
   ]
  },
  {
   "cell_type": "code",
   "execution_count": 59,
   "metadata": {},
   "outputs": [
    {
     "data": {
      "text/plain": [
       "array([[0.37703545],\n",
       "       [0.15824505]])"
      ]
     },
     "execution_count": 59,
     "metadata": {},
     "output_type": "execute_result"
    }
   ],
   "source": [
    "\n",
    "arr[2:4,1:2]"
   ]
  },
  {
   "cell_type": "code",
   "execution_count": 60,
   "metadata": {},
   "outputs": [
    {
     "data": {
      "text/plain": [
       "array([[0.23151352, 0.04473304, 0.04257596, 0.42241951, 0.63632269,\n",
       "        0.61500376, 0.6099773 , 0.03904531, 0.79831152, 0.25729715,\n",
       "        0.90384552, 0.28680976, 0.47641189, 0.14877878, 0.16354492],\n",
       "       [0.13506774, 0.36916349, 0.37703545, 0.15824505, 0.0037828 ,\n",
       "        0.6049733 , 0.79194147, 0.07379139, 0.09889946, 0.4151912 ,\n",
       "        0.44793802, 0.88702265, 0.49386796, 0.45275633, 0.77754222],\n",
       "       [0.79770042, 0.60096066, 0.19697199, 0.143409  , 0.04929526,\n",
       "        0.54874808, 0.1495555 , 0.44811986, 0.2879027 , 0.66022926,\n",
       "        0.39727505, 0.86455075, 0.75873608, 0.98796674, 0.80651115],\n",
       "       [0.70738425, 0.71861659, 0.18751386, 0.63288505, 0.09886975,\n",
       "        0.61069573, 0.23561105, 0.77307552, 0.51497718, 0.19373508,\n",
       "        0.39631763, 0.12500072, 0.40045242, 0.45063035, 0.17372863],\n",
       "       [0.2642011 , 0.78688414, 0.18469169, 0.55491245, 0.77526972,\n",
       "        0.68917352, 0.58126271, 0.45085429, 0.20227553, 0.05267692,\n",
       "        0.17346393, 0.30551225, 0.29438931, 0.06686192, 0.7706212 ],\n",
       "       [0.84707268, 0.77592398, 0.81662941, 0.62694881, 0.00385277,\n",
       "        0.94141325, 0.22366632, 0.285142  , 0.62061878, 0.70892257,\n",
       "        0.8881243 , 0.7473989 , 0.38598081, 0.79390299, 0.97254157],\n",
       "       [0.23685715, 0.96872006, 0.83669573, 0.10820852, 0.86311224,\n",
       "        0.55341667, 0.56289113, 0.20346123, 0.22248356, 0.3828619 ,\n",
       "        0.21420631, 0.48398571, 0.2104465 , 0.25485822, 0.11081502],\n",
       "       [0.78683763, 0.15059769, 0.79174673, 0.11724226, 0.13167354,\n",
       "        0.22957457, 0.14984422, 0.74328223, 0.36974493, 0.00563206,\n",
       "        0.16373425, 0.77124832, 0.32916024, 0.01665957, 0.37656108],\n",
       "       [0.48016251, 0.64558571, 0.58829872, 0.70005751, 0.24219286,\n",
       "        0.36785496, 0.39240898, 0.08488429, 0.87766026, 0.33244963,\n",
       "        0.33834286, 0.71069053, 0.13184482, 0.57711254, 0.96793254],\n",
       "       [0.01018322, 0.83160883, 0.54063257, 0.20119876, 0.05435709,\n",
       "        0.43432861, 0.25317197, 0.43838548, 0.13512385, 0.87707463,\n",
       "        0.06438637, 0.91621298, 0.72480199, 0.91093309, 0.17128443],\n",
       "       [0.62895905, 0.03410333, 0.04782875, 0.97671542, 0.73085367,\n",
       "        0.8944852 , 0.21943399, 0.53003406, 0.91885673, 0.5815178 ,\n",
       "        0.74610859, 0.7533682 , 0.99020684, 0.82871306, 0.82049075],\n",
       "       [0.96836606, 0.66832635, 0.66868708, 0.79732545, 0.41413358,\n",
       "        0.64107586, 0.35490528, 0.44962909, 0.97495545, 0.45348762,\n",
       "        0.9307998 , 0.4729071 , 0.35667108, 0.49319964, 0.79572188],\n",
       "       [0.28964173, 0.73994865, 0.22342524, 0.03419991, 0.87368256,\n",
       "        0.65940092, 0.36760005, 0.29235031, 0.51545853, 0.2923681 ,\n",
       "        0.14882567, 0.62906726, 0.03180536, 0.40015472, 0.36317396],\n",
       "       [0.19888438, 0.86315744, 0.59372381, 0.29661935, 0.63444299,\n",
       "        0.23396049, 0.24952671, 0.81173883, 0.66856566, 0.85844928,\n",
       "        0.68765083, 0.92442393, 0.41127515, 0.64792994, 0.55066188],\n",
       "       [0.93183684, 0.9681578 , 0.09511455, 0.59054066, 0.60400472,\n",
       "        0.58893641, 0.29775085, 0.39246924, 0.7275164 , 0.79775347,\n",
       "        0.3568704 , 0.31426858, 0.95881962, 0.11389009, 0.26551477],\n",
       "       [0.8089435 , 0.82300284, 0.78352816, 0.16634856, 0.40494736,\n",
       "        0.04402444, 0.24235052, 0.97573264, 0.1096451 , 0.92285027,\n",
       "        0.53871151, 0.02268736, 0.12960985, 0.6125706 , 0.22274223]])"
      ]
     },
     "execution_count": 60,
     "metadata": {},
     "output_type": "execute_result"
    }
   ],
   "source": [
    "arr.transpose()"
   ]
  },
  {
   "cell_type": "code",
   "execution_count": 61,
   "metadata": {},
   "outputs": [
    {
     "ename": "ValueError",
     "evalue": "array split does not result in an equal division",
     "output_type": "error",
     "traceback": [
      "\u001b[1;31m---------------------------------------------------------------------------\u001b[0m",
      "\u001b[1;31mTypeError\u001b[0m                                 Traceback (most recent call last)",
      "\u001b[1;32mD:\\Conda3\\lib\\site-packages\\numpy\\lib\\shape_base.py\u001b[0m in \u001b[0;36msplit\u001b[1;34m(ary, indices_or_sections, axis)\u001b[0m\n\u001b[0;32m    842\u001b[0m     \u001b[1;32mtry\u001b[0m\u001b[1;33m:\u001b[0m\u001b[1;33m\u001b[0m\u001b[1;33m\u001b[0m\u001b[0m\n\u001b[1;32m--> 843\u001b[1;33m         \u001b[0mlen\u001b[0m\u001b[1;33m(\u001b[0m\u001b[0mindices_or_sections\u001b[0m\u001b[1;33m)\u001b[0m\u001b[1;33m\u001b[0m\u001b[1;33m\u001b[0m\u001b[0m\n\u001b[0m\u001b[0;32m    844\u001b[0m     \u001b[1;32mexcept\u001b[0m \u001b[0mTypeError\u001b[0m\u001b[1;33m:\u001b[0m\u001b[1;33m\u001b[0m\u001b[1;33m\u001b[0m\u001b[0m\n",
      "\u001b[1;31mTypeError\u001b[0m: object of type 'int' has no len()",
      "\nDuring handling of the above exception, another exception occurred:\n",
      "\u001b[1;31mValueError\u001b[0m                                Traceback (most recent call last)",
      "\u001b[1;32m<ipython-input-61-5c17306a3582>\u001b[0m in \u001b[0;36m<module>\u001b[1;34m\u001b[0m\n\u001b[1;32m----> 1\u001b[1;33m \u001b[0mnp\u001b[0m\u001b[1;33m.\u001b[0m\u001b[0mvsplit\u001b[0m\u001b[1;33m(\u001b[0m\u001b[0marr\u001b[0m\u001b[1;33m,\u001b[0m\u001b[1;36m12\u001b[0m\u001b[1;33m)\u001b[0m\u001b[1;33m\u001b[0m\u001b[1;33m\u001b[0m\u001b[0m\n\u001b[0m",
      "\u001b[1;32mD:\\Conda3\\lib\\site-packages\\numpy\\lib\\shape_base.py\u001b[0m in \u001b[0;36mvsplit\u001b[1;34m(ary, indices_or_sections)\u001b[0m\n\u001b[0;32m    970\u001b[0m     \u001b[1;32mif\u001b[0m \u001b[0m_nx\u001b[0m\u001b[1;33m.\u001b[0m\u001b[0mndim\u001b[0m\u001b[1;33m(\u001b[0m\u001b[0mary\u001b[0m\u001b[1;33m)\u001b[0m \u001b[1;33m<\u001b[0m \u001b[1;36m2\u001b[0m\u001b[1;33m:\u001b[0m\u001b[1;33m\u001b[0m\u001b[1;33m\u001b[0m\u001b[0m\n\u001b[0;32m    971\u001b[0m         \u001b[1;32mraise\u001b[0m \u001b[0mValueError\u001b[0m\u001b[1;33m(\u001b[0m\u001b[1;34m'vsplit only works on arrays of 2 or more dimensions'\u001b[0m\u001b[1;33m)\u001b[0m\u001b[1;33m\u001b[0m\u001b[1;33m\u001b[0m\u001b[0m\n\u001b[1;32m--> 972\u001b[1;33m     \u001b[1;32mreturn\u001b[0m \u001b[0msplit\u001b[0m\u001b[1;33m(\u001b[0m\u001b[0mary\u001b[0m\u001b[1;33m,\u001b[0m \u001b[0mindices_or_sections\u001b[0m\u001b[1;33m,\u001b[0m \u001b[1;36m0\u001b[0m\u001b[1;33m)\u001b[0m\u001b[1;33m\u001b[0m\u001b[1;33m\u001b[0m\u001b[0m\n\u001b[0m\u001b[0;32m    973\u001b[0m \u001b[1;33m\u001b[0m\u001b[0m\n\u001b[0;32m    974\u001b[0m \u001b[1;33m\u001b[0m\u001b[0m\n",
      "\u001b[1;32mD:\\Conda3\\lib\\site-packages\\numpy\\lib\\shape_base.py\u001b[0m in \u001b[0;36msplit\u001b[1;34m(ary, indices_or_sections, axis)\u001b[0m\n\u001b[0;32m    847\u001b[0m         \u001b[1;32mif\u001b[0m \u001b[0mN\u001b[0m \u001b[1;33m%\u001b[0m \u001b[0msections\u001b[0m\u001b[1;33m:\u001b[0m\u001b[1;33m\u001b[0m\u001b[1;33m\u001b[0m\u001b[0m\n\u001b[0;32m    848\u001b[0m             raise ValueError(\n\u001b[1;32m--> 849\u001b[1;33m                 'array split does not result in an equal division')\n\u001b[0m\u001b[0;32m    850\u001b[0m     \u001b[0mres\u001b[0m \u001b[1;33m=\u001b[0m \u001b[0marray_split\u001b[0m\u001b[1;33m(\u001b[0m\u001b[0mary\u001b[0m\u001b[1;33m,\u001b[0m \u001b[0mindices_or_sections\u001b[0m\u001b[1;33m,\u001b[0m \u001b[0maxis\u001b[0m\u001b[1;33m)\u001b[0m\u001b[1;33m\u001b[0m\u001b[1;33m\u001b[0m\u001b[0m\n\u001b[0;32m    851\u001b[0m     \u001b[1;32mreturn\u001b[0m \u001b[0mres\u001b[0m\u001b[1;33m\u001b[0m\u001b[1;33m\u001b[0m\u001b[0m\n",
      "\u001b[1;31mValueError\u001b[0m: array split does not result in an equal division"
     ]
    }
   ],
   "source": [
    "np.vsplit(arr,12)"
   ]
  },
  {
   "cell_type": "code",
   "execution_count": 62,
   "metadata": {},
   "outputs": [
    {
     "data": {
      "text/plain": [
       "[array([[0.23151352, 0.13506774, 0.79770042, 0.70738425, 0.2642011 ,\n",
       "         0.84707268, 0.23685715, 0.78683763, 0.48016251, 0.01018322,\n",
       "         0.62895905, 0.96836606, 0.28964173, 0.19888438, 0.93183684,\n",
       "         0.8089435 ],\n",
       "        [0.04473304, 0.36916349, 0.60096066, 0.71861659, 0.78688414,\n",
       "         0.77592398, 0.96872006, 0.15059769, 0.64558571, 0.83160883,\n",
       "         0.03410333, 0.66832635, 0.73994865, 0.86315744, 0.9681578 ,\n",
       "         0.82300284],\n",
       "        [0.04257596, 0.37703545, 0.19697199, 0.18751386, 0.18469169,\n",
       "         0.81662941, 0.83669573, 0.79174673, 0.58829872, 0.54063257,\n",
       "         0.04782875, 0.66868708, 0.22342524, 0.59372381, 0.09511455,\n",
       "         0.78352816],\n",
       "        [0.42241951, 0.15824505, 0.143409  , 0.63288505, 0.55491245,\n",
       "         0.62694881, 0.10820852, 0.11724226, 0.70005751, 0.20119876,\n",
       "         0.97671542, 0.79732545, 0.03419991, 0.29661935, 0.59054066,\n",
       "         0.16634856],\n",
       "        [0.63632269, 0.0037828 , 0.04929526, 0.09886975, 0.77526972,\n",
       "         0.00385277, 0.86311224, 0.13167354, 0.24219286, 0.05435709,\n",
       "         0.73085367, 0.41413358, 0.87368256, 0.63444299, 0.60400472,\n",
       "         0.40494736]]),\n",
       " array([[0.61500376, 0.6049733 , 0.54874808, 0.61069573, 0.68917352,\n",
       "         0.94141325, 0.55341667, 0.22957457, 0.36785496, 0.43432861,\n",
       "         0.8944852 , 0.64107586, 0.65940092, 0.23396049, 0.58893641,\n",
       "         0.04402444],\n",
       "        [0.6099773 , 0.79194147, 0.1495555 , 0.23561105, 0.58126271,\n",
       "         0.22366632, 0.56289113, 0.14984422, 0.39240898, 0.25317197,\n",
       "         0.21943399, 0.35490528, 0.36760005, 0.24952671, 0.29775085,\n",
       "         0.24235052],\n",
       "        [0.03904531, 0.07379139, 0.44811986, 0.77307552, 0.45085429,\n",
       "         0.285142  , 0.20346123, 0.74328223, 0.08488429, 0.43838548,\n",
       "         0.53003406, 0.44962909, 0.29235031, 0.81173883, 0.39246924,\n",
       "         0.97573264],\n",
       "        [0.79831152, 0.09889946, 0.2879027 , 0.51497718, 0.20227553,\n",
       "         0.62061878, 0.22248356, 0.36974493, 0.87766026, 0.13512385,\n",
       "         0.91885673, 0.97495545, 0.51545853, 0.66856566, 0.7275164 ,\n",
       "         0.1096451 ],\n",
       "        [0.25729715, 0.4151912 , 0.66022926, 0.19373508, 0.05267692,\n",
       "         0.70892257, 0.3828619 , 0.00563206, 0.33244963, 0.87707463,\n",
       "         0.5815178 , 0.45348762, 0.2923681 , 0.85844928, 0.79775347,\n",
       "         0.92285027]]),\n",
       " array([[0.90384552, 0.44793802, 0.39727505, 0.39631763, 0.17346393,\n",
       "         0.8881243 , 0.21420631, 0.16373425, 0.33834286, 0.06438637,\n",
       "         0.74610859, 0.9307998 , 0.14882567, 0.68765083, 0.3568704 ,\n",
       "         0.53871151],\n",
       "        [0.28680976, 0.88702265, 0.86455075, 0.12500072, 0.30551225,\n",
       "         0.7473989 , 0.48398571, 0.77124832, 0.71069053, 0.91621298,\n",
       "         0.7533682 , 0.4729071 , 0.62906726, 0.92442393, 0.31426858,\n",
       "         0.02268736],\n",
       "        [0.47641189, 0.49386796, 0.75873608, 0.40045242, 0.29438931,\n",
       "         0.38598081, 0.2104465 , 0.32916024, 0.13184482, 0.72480199,\n",
       "         0.99020684, 0.35667108, 0.03180536, 0.41127515, 0.95881962,\n",
       "         0.12960985],\n",
       "        [0.14877878, 0.45275633, 0.98796674, 0.45063035, 0.06686192,\n",
       "         0.79390299, 0.25485822, 0.01665957, 0.57711254, 0.91093309,\n",
       "         0.82871306, 0.49319964, 0.40015472, 0.64792994, 0.11389009,\n",
       "         0.6125706 ],\n",
       "        [0.16354492, 0.77754222, 0.80651115, 0.17372863, 0.7706212 ,\n",
       "         0.97254157, 0.11081502, 0.37656108, 0.96793254, 0.17128443,\n",
       "         0.82049075, 0.79572188, 0.36317396, 0.55066188, 0.26551477,\n",
       "         0.22274223]])]"
      ]
     },
     "execution_count": 62,
     "metadata": {},
     "output_type": "execute_result"
    }
   ],
   "source": [
    "np.vsplit(arr,3)"
   ]
  },
  {
   "cell_type": "code",
   "execution_count": 65,
   "metadata": {},
   "outputs": [
    {
     "data": {
      "text/plain": [
       "[array([[0.23151352, 0.13506774, 0.79770042, 0.70738425, 0.2642011 ,\n",
       "         0.84707268, 0.23685715, 0.78683763],\n",
       "        [0.04473304, 0.36916349, 0.60096066, 0.71861659, 0.78688414,\n",
       "         0.77592398, 0.96872006, 0.15059769],\n",
       "        [0.04257596, 0.37703545, 0.19697199, 0.18751386, 0.18469169,\n",
